12
1.	0.	0.9009688679024191	0.4338837391175581	0.6234898018587335	0.7818314824680298
1.	0.	0.6234898018587335	0.7818314824680298	0.2225209339563144	0.9749279121818236
1.	0.	0.2225209339563144	0.9749279121818236	-0.2225209339563144	0.9749279121818236
1.	0.	-0.2225209339563144	0.9749279121818236	-0.6234898018587335	0.7818314824680298
1.	0.	-0.6234898018587335	0.7818314824680298	-0.9009688679024191	0.4338837391175581
1.	0.	-0.9009688679024191	0.4338837391175581	-1.	0.
1.	0.	-1.	0.	-0.9009688679024191	-0.4338837391175581
1.	0.	-0.9009688679024191	-0.4338837391175581	-0.6234898018587335	-0.7818314824680298
1.	0.	-0.6234898018587335	-0.7818314824680298	-0.2225209339563144	-0.9749279121818236
1.	0.	-0.2225209339563144	-0.9749279121818236	0.2225209339563144	-0.9749279121818236
1.	0.	0.2225209339563144	-0.9749279121818236	0.6234898018587335	-0.7818314824680298
1.	0.	0.6234898018587335	-0.7818314824680298	0.9009688679024191	-0.4338837391175581