18
1.046142705021161	0.19999993710357652	0.007189132965518263	1.1789251131974885	0.6055613532103687	0.416000839010397
1.046142705021161	0.19999993710357652	0.007189132965518263	1.1789251131974885	0.9263652711584177	0.8206109055066863
1.046142705021161	0.19999993710357652	-0.8905318115393644	0.0691469790821159	0.6055613532103687	0.416000839010397
1.046142705021161	0.19999993710357652	-0.8905318115393644	0.0691469790821159	-0.3447494526423809	-0.0437929965935174
1.046142705021161	0.19999993710357652	0.16608429999723218	-0.9799861206486431	0.8499768308636474	-0.6456988556292396
1.046142705021161	0.19999993710357652	0.16608429999723218	-0.9799861206486431	0.40751321347453495	-0.460903822568604
1.046142705021161	0.19999993710357652	-0.3447494526423809	-0.0437929965935174	0.20648734509446964	-0.03248014473689134
1.046142705021161	0.19999993710357652	0.40751321347453495	-0.460903822568604	-0.5256656149440792	-0.6352545111434925
1.046142705021161	0.19999993710357652	-0.5256656149440792	-0.6352545111434925	0.20648734509446964	-0.03248014473689134
0.007189132965518263	1.1789251131974885	-0.8905318115393644	0.0691469790821159	0.0654153501777199	0.4553691233468861
0.007189132965518263	1.1789251131974885	-0.8905318115393644	0.0691469790821159	-0.46406950747446696	0.6053028229348248
0.007189132965518263	1.1789251131974885	0.6055613532103687	0.416000839010397	0.0654153501777199	0.4553691233468861
0.007189132965518263	1.1789251131974885	-0.6586127342515081	1.0704142494598412	-0.46406950747446696	0.6053028229348248
-0.8905318115393644	0.0691469790821159	0.6055613532103687	0.416000839010397	0.0654153501777199	0.4553691233468861
-0.8905318115393644	0.0691469790821159	-0.3447494526423809	-0.0437929965935174	-0.5256656149440792	-0.6352545111434925
-0.8905318115393644	0.0691469790821159	-0.6586127342515081	1.0704142494598412	-0.46406950747446696	0.6053028229348248
0.16608429999723218	-0.9799861206486431	0.40751321347453495	-0.460903822568604	-0.5256656149440792	-0.6352545111434925
-0.3447494526423809	-0.0437929965935174	-0.5256656149440792	-0.6352545111434925	0.20648734509446964	-0.03248014473689134