13
1.	0.	0.9135454576426009	0.40673664307580015	0.6691306063588582	0.7431448254773942
1.	0.	0.6691306063588582	0.7431448254773942	0.30901699437494745	0.9510565162951535
1.	0.	0.30901699437494745	0.9510565162951535	-0.10452846326765346	0.9945218953682733
1.	0.	-0.10452846326765346	0.9945218953682733	-0.5	0.8660254037844386
1.	0.	-0.5	0.8660254037844386	-0.8090169943749475	0.5877852522924731
1.	0.	-0.8090169943749475	0.5877852522924731	-0.9781476007338057	0.20791169081775931
1.	0.	-0.9781476007338057	0.20791169081775931	-0.9781476007338057	-0.20791169081775931
1.	0.	-0.9781476007338057	-0.20791169081775931	-0.8090169943749475	-0.5877852522924731
1.	0.	-0.8090169943749475	-0.5877852522924731	-0.5	-0.8660254037844386
1.	0.	-0.5	-0.8660254037844386	-0.10452846326765346	-0.9945218953682733
1.	0.	-0.10452846326765346	-0.9945218953682733	0.30901699437494745	-0.9510565162951535
1.	0.	0.30901699437494745	-0.9510565162951535	0.6691306063588582	-0.7431448254773942
1.	0.	0.6691306063588582	-0.7431448254773942	0.9135454576426009	-0.40673664307580015