12
1.	0.	0.	1.	0.6	0.3
1.	0.	-1.	0.	0.6	0.3
1.	0.	-1.	0.	-0.5	-0.2
1.	0.	0.	-1.	0.8	-0.6
1.	0.	0.	-1.	0.4	-0.5
1.	0.	-0.5	-0.2	0.4	-0.5
0.	1.	-1.	0.	-0.1	0.3
0.	1.	0.6	0.3	-0.1	0.3
-1.	0.	0.	-1.	-0.5	-0.2
-1.	0.	0.	-1.	-0.7	-0.8
-1.	0.	0.6	0.3	-0.1	0.3
0.	-1.	-0.5	-0.2	0.4	-0.519
1.	0.	0.	1.	0.6	0.3
1.	0.	0.	1.	0.82	0.74
1.	0.	0.6	0.3	0.8	-0.6
0.	1.	0.6	0.3	0.8	-0.6
0.	1.	0.8	-0.6	-0.1	0.3
0.	1.	0.8	-0.6	-0.7	0.9
0.	1.	-0.1	0.3	-0.7	0.9
-1.	0.	0.	-1.	-0.5	-0.2
-1.	0.	0.	-1.	-0.7	-0.8
-1.	0.	-0.5	-0.2	0.8	-0.6
-1.	0.	0.8	-0.6	0.1	-0.22
-1.	0.	-0.7	0.9	0.1	-0.22
0.	-1.	-0.5	-0.2	0.4	-0.5
0.	-1.	0.8	-0.6	0.4	-0.5
-0.5	-0.2	0.8	-0.6	0.4	-0.5
0.8	-0.6	-0.1	0.3	-0.7	0.9
0.8	-0.6	-0.1	0.3	0.1	-0.22
0.8	-0.6	-0.7	0.9	0.1	-0.22
-0.1	0.3	-0.7	0.9	0.1	-0.2212
1.	0.	0.	1.	0.6	0.3
1.	0.	-1.	0.	0.6	0.3
1.	0.	-1.	0.	-0.5	-0.2
1.	0.	0.	-1.	0.8	-0.6
1.	0.	0.	-1.	0.4	-0.5
1.	0.	-0.5	-0.2	0.4	-0.5
0.	1.	-1.	0.	-0.1	0.3
0.	1.	0.6	0.3	-0.1	0.3
-1.	0.	0.	-1.	-0.5	-0.2
-1.	0.	0.	-1.	-0.7	-0.8
-1.	0.	0.6	0.3	-0.1	0.3
0.	-1.	-0.5	-0.2	0.4	-0.5