1.93157
1.88968
1.88769
1.86176
1.85475
1.83768
1.82428
1.82131
1.77165
1.74641
1.73238
1.71779
1.70867
1.70756
1.69649
1.68021
1.66751
1.66734
1.65993
1.64994
1.641
1.63818
1.62659
1.62589
1.62262
1.61579
1.58116
1.56907
1.56736
1.53977
1.52922
1.52831
1.51296
1.49647
1.49377
1.49207
1.47187
1.46404
1.46345
1.4604
1.45436
1.45134
1.445
1.44363
1.43863
1.42664
1.42008
1.41673
1.41378
1.40696
1.40603
1.40438
1.39973
1.38707
1.38113
1.37594
1.37269
1.36736
1.363
1.35445
1.3513
1.34396
1.34389
1.33577
1.33475
1.3323
1.32363
1.32123
1.30684
1.30506
1.30173
1.29629
1.2834
1.28248
1.28108
1.27848
1.27047
1.26704
1.25566
1.25476
1.24673
1.24603
1.23716
1.23563
1.22985
1.22936
1.22494
1.22342
1.21636
1.20769
1.20452
1.20415
1.20361
1.19783
1.18909
1.18319
1.18171
1.18098
1.17521
1.17203
1.16856
1.16764
1.15779
1.15731
1.15608
1.15336
1.14151
1.13499
1.13339
1.11905
1.11905
1.11538
1.11468
1.11449
1.10722
1.10261
1.10132
1.10105
1.08998
1.08959
1.07735
1.07588
1.07042
1.06815
1.06479
1.05782
1.05259
1.04844
1.04376
1.04126
1.0332
1.02933
1.02845
1.02116
1.01578
1.01395
1.01355
1.01136
1.01055
1.00714
0.999751
0.999237
0.993018
0.988866
0.984227
0.973173
0.969663
0.968787
0.963625
0.960928
0.959547
0.956935
0.956108
0.946303
0.943088
0.941144
0.938152
0.93768
0.932453
0.928131
0.919975
0.919034
0.918791
0.918529
0.908881
0.905119
0.903719
0.892757
0.891726
0.884446
0.876846
0.876778
0.874049
0.868897
0.866162
0.857818
0.854541
0.852735
0.852625
0.842679
0.842035
0.838308
0.826594
0.817986
0.815648
0.810266
0.809873
0.806477
0.805694
0.801044
0.799587
0.795055
0.792248
0.787221
0.776153
0.771926
0.761377
0.760812
0.758672
0.757663
0.7501
0.749588
0.747124
0.740839
0.740742
0.737913
0.724737
0.720162
0.713138
0.709804
0.702256
0.700356
0.695836
0.695329
0.695319
0.682966
0.67666
0.674532
0.671359
0.659568
0.658324
0.646438
0.64213
0.637296
0.629867
0.623969
0.619915
0.614505
0.606847
0.605854
0.597643
0.596691
0.586508
0.585978
0.582362
0.579264
0.571958
0.569873
0.557628
0.550155
0.546781
0.531735
0.531014
0.525188
0.524297
0.513104
0.512685
0.487435
0.475169
0.474597
0.474541
0.45722
0.45688
0.45348
0.445869
0.428609
0.420845
0.418775
0.40112
0.394954
0.392839
0.379206
0.377285
0.362348
0.343533
0.322788
0.313547
0.312987
0.304551
0.282496
0.270113
0.265503
0.249982
0.225396
0.211186
0.18775
0.178775
0.17129
0.122112
0.0893711
0.0770501
0
