15
1.100806396360429	0.050422088595474174	0.1419751624701486	1.189755056359428	0.7119877623352149	0.33062982181678646
1.100806396360429	0.050422088595474174	-0.9581346819299192	0.18860941385531618	0.7119877623352149	0.33062982181678646
1.100806396360429	0.050422088595474174	-0.9581346819299192	0.18860941385531618	-0.4067050024577958	-0.0931185931650823
1.100806396360429	0.050422088595474174	0.08070740205932353	-0.87954416492405	0.8040909203731383	-0.6005990894233427
1.100806396360429	0.050422088595474174	0.08070740205932353	-0.87954416492405	0.4200173313916782	-0.4178046275836328
1.100806396360429	0.050422088595474174	-0.4067050024577958	-0.0931185931650823	0.22061970267453668	-0.12987139867399328
1.100806396360429	0.050422088595474174	0.4200173313916782	-0.4178046275836328	-0.6901749176950394	-0.7480108782700755
1.100806396360429	0.050422088595474174	-0.6901749176950394	-0.7480108782700755	0.22061970267453668	-0.12987139867399328
0.1419751624701486	1.189755056359428	-0.9581346819299192	0.18860941385531618	-0.023920754767155078	0.44749591975280467
0.1419751624701486	1.189755056359428	-0.9581346819299192	0.18860941385531618	-0.5708232466880838	1.003713581459815
0.1419751624701486	1.189755056359428	0.7119877623352149	0.33062982181678646	-0.023920754767155078	0.44749591975280467
-0.9581346819299192	0.18860941385531618	0.7119877623352149	0.33062982181678646	-0.023920754767155078	0.44749591975280467
-0.9581346819299192	0.18860941385531618	-0.4067050024577958	-0.0931185931650823	-0.6901749176950394	-0.7480108782700755
0.08070740205932353	-0.87954416492405	0.4200173313916782	-0.4178046275836328	-0.6901749176950394	-0.7480108782700755
-0.4067050024577958	-0.0931185931650823	-0.6901749176950394	-0.7480108782700755	0.22061970267453668	-0.12987139867399328