20
1.088152701940379	0.09748962311725405	0.1344198341133713	1.1019030845677087	0.7592884723082429	0.4907108531868693
1.088152701940379	0.09748962311725405	0.1344198341133713	1.1019030845677087	0.352900908091315	0.6873355756543695
1.088152701940379	0.09748962311725405	-0.8694332871155356	0.19711739155062813	-0.3423330189429398	-0.1205838675474424
1.088152701940379	0.09748962311725405	-0.8694332871155356	0.19711739155062813	-0.03221569792337871	0.45061413142680523
1.088152701940379	0.09748962311725405	0.12106356091259479	-0.8142412641931861	0.5007707915895736	-0.46997474440300774
1.088152701940379	0.09748962311725405	0.12106356091259479	-0.8142412641931861	-0.6294567942145658	-0.6651250871825126
1.088152701940379	0.09748962311725405	0.7592884723082429	0.4907108531868693	0.9458266926666219	0.8243551197711175
1.088152701940379	0.09748962311725405	-0.3423330189429398	-0.1205838675474424	0.11384230549429925	-0.09133395049568513
1.088152701940379	0.09748962311725405	0.8532198050647226	-0.5800732390445991	0.5007707915895736	-0.46997474440300774
1.088152701940379	0.09748962311725405	-0.03221569792337871	0.45061413142680523	-0.5430695428827613	1.0023328648585947
1.088152701940379	0.09748962311725405	-0.6294567942145658	-0.6651250871825126	0.11384230549429925	-0.09133395049568513
1.088152701940379	0.09748962311725405	-0.5430695428827613	1.0023328648585947	0.352900908091315	0.6873355756543695
0.1344198341133713	1.1019030845677087	0.7592884723082429	0.4907108531868693	0.9458266926666219	0.8243551197711175
0.1344198341133713	1.1019030845677087	-0.5430695428827613	1.0023328648585947	0.352900908091315	0.6873355756543695
-0.8694332871155356	0.19711739155062813	-0.3423330189429398	-0.1205838675474424	-0.6294567942145658	-0.6651250871825126
-0.8694332871155356	0.19711739155062813	-0.03221569792337871	0.45061413142680523	-0.4345110520969061	0.6667418391314751
-0.8694332871155356	0.19711739155062813	-0.5430695428827613	1.0023328648585947	-0.4345110520969061	0.6667418391314751
0.12106356091259479	-0.8142412641931861	0.8532198050647226	-0.5800732390445991	0.5007707915895736	-0.46997474440300774
-0.3423330189429398	-0.1205838675474424	-0.6294567942145658	-0.6651250871825126	0.11384230549429925	-0.09133395049568513
-0.03221569792337871	0.45061413142680523	-0.5430695428827613	1.0023328648585947	-0.4345110520969061	0.6667418391314751