13
1.18626990764212	0.16685608832485502	0.12002613307166309	1.0007942758495656	0.6681154848107441	0.44790621080002846
1.18626990764212	0.16685608832485502	-0.8862655269669871	0.11028101663721634	0.6681154848107441	0.44790621080002846
1.18626990764212	0.16685608832485502	-0.8862655269669871	0.11028101663721634	-0.44227408108916433	-0.19759204707372643
1.18626990764212	0.16685608832485502	0.13719536101462304	-0.9791490221546855	0.8779115918476466	-0.6527085620305084
1.18626990764212	0.16685608832485502	0.13719536101462304	-0.9791490221546855	0.43614539420676407	-0.38096247378645615
1.18626990764212	0.16685608832485502	-0.44227408108916433	-0.19759204707372643	0.43614539420676407	-0.38096247378645615
0.12002613307166309	1.0007942758495656	-0.8862655269669871	0.11028101663721634	-0.01764333901712649	0.40046487342486425
0.12002613307166309	1.0007942758495656	-0.8862655269669871	0.11028101663721634	-0.6919723268486382	1.0687953951158813
0.12002613307166309	1.0007942758495656	0.6681154848107441	0.44790621080002846	-0.01764333901712649	0.40046487342486425
-0.8862655269669871	0.11028101663721634	0.13719536101462304	-0.9791490221546855	-0.44227408108916433	-0.19759204707372643
-0.8862655269669871	0.11028101663721634	0.13719536101462304	-0.9791490221546855	-0.6289106950049645	-0.765676159471386
-0.8862655269669871	0.11028101663721634	0.6681154848107441	0.44790621080002846	-0.01764333901712649	0.40046487342486425
0.13719536101462304	-0.9791490221546855	-0.44227408108916433	-0.19759204707372643	0.43614539420676407	-0.38096247378645615