11
1.0530398768777496	0.09045556479522886	0.12963432985352372	1.0631025302456634	0.6693010604636465	0.48827186063968964
1.0530398768777496	0.09045556479522886	-0.9609552464218085	0.13904364186546392	0.6693010604636465	0.48827186063968964
1.0530398768777496	0.09045556479522886	-0.9609552464218085	0.13904364186546392	-0.45280889437920785	-0.05599863977653094
1.0530398768777496	0.09045556479522886	0.18376178664109155	-0.9764698155828289	0.8248988028115897	-0.5040711355701589
1.0530398768777496	0.09045556479522886	0.18376178664109155	-0.9764698155828289	0.4235520633357046	-0.4155078393839243
1.0530398768777496	0.09045556479522886	-0.45280889437920785	-0.05599863977653094	0.4235520633357046	-0.4155078393839243
0.12963432985352372	1.0631025302456634	-0.9609552464218085	0.13904364186546392	0.023345078999073815	0.44556328409838764
0.12963432985352372	1.0631025302456634	0.6693010604636465	0.48827186063968964	0.023345078999073815	0.44556328409838764
-0.9609552464218085	0.13904364186546392	0.18376178664109155	-0.9764698155828289	-0.45280889437920785	-0.05599863977653094
-0.9609552464218085	0.13904364186546392	0.6693010604636465	0.48827186063968964	0.023345078999073815	0.44556328409838764
0.18376178664109155	-0.9764698155828289	-0.45280889437920785	-0.05599863977653094	0.4235520633357046	-0.4155078393839243