1.93859
1.90941
1.89853
1.88454
1.86998
1.84262
1.81839
1.78506
1.77065
1.74971
1.72006
1.70304
1.69292
1.66975
1.65966
1.65357
1.64133
1.6286
1.60053
1.57703
1.56234
1.56009
1.53667
1.52577
1.50855
1.49265
1.49209
1.47262
1.46698
1.46504
1.45777
1.45227
1.43544
1.4273
1.41639
1.41365
1.41093
1.40375
1.39298
1.38099
1.36998
1.36578
1.36003
1.35296
1.34627
1.33198
1.3263
1.31079
1.30802
1.303
1.30005
1.28923
1.28296
1.27886
1.27442
1.25675
1.25085
1.24586
1.23733
1.23209
1.22974
1.22112
1.2145
1.21226
1.20617
1.20081
1.19345
1.18024
1.17492
1.17122
1.16158
1.15214
1.14215
1.13377
1.1311
1.12423
1.12278
1.11307
1.10142
1.09611
1.09095
1.07679
1.07301
1.06832
1.067
1.06184
1.05708
1.04508
1.04325
1.03703
1.02861
1.02219
1.01931
1.01616
1.01295
1.00193
0.99315
0.988298
0.985941
0.978369
0.970162
0.956448
0.953503
0.947128
0.944386
0.939267
0.935924
0.925172
0.915125
0.911432
0.904659
0.897434
0.894324
0.883307
0.876797
0.873134
0.857097
0.856744
0.851173
0.844205
0.824938
0.821318
0.820026
0.818342
0.813709
0.806086
0.799743
0.797845
0.791972
0.783998
0.778889
0.768013
0.761511
0.757924
0.754355
0.749265
0.736925
0.727421
0.716754
0.706284
0.698042
0.694428
0.691466
0.681169
0.66947
0.658746
0.652651
0.648506
0.643643
0.635655
0.625273
0.624053
0.611979
0.607549
0.600207
0.595636
0.582738
0.571243
0.557913
0.550635
0.541772
0.53271
0.519093
0.509786
0.505193
0.492981
0.479287
0.466236
0.452693
0.43879
0.427289
0.423941
0.399888
0.39693
0.390038
0.373734
0.341558
0.341132
0.316832
0.310587
0.28176
0.268054
0.235262
0.2241
0.192369
0.171604
0.160563
0.126352
0.0862777
0.0580287
0
