1.78259
1.7825
1.78025
1.78024
1.77216
1.77215
1.76416
1.76326
1.76326
1.75894
1.75166
1.75166
1.68047
1.67735
1.67735
1.64563
1.64303
1.64302
1.53248
1.47291
1.4729
1.44314
1.44314
1.39908
1.39908
1.36813
1.36812
1.34472
1.34472
1.32455
1.32084
1.30141
1.29899
1.29898
1.2902
1.29019
1.26953
1.25064
1.24861
1.24861
1.23696
1.23696
1.22726
1.2
1.2
1.2
1.2
1.2
1.2
1.2
1.2
1.17152
1.17152
1.15626
1.14894
1.13888
1.10937
1.1083
1.1083
1.08298
1.08298
1.02647
1.01484
1.01483
0.996566
0.996566
0.986599
0.97777
0.97777
0.955309
0.955309
0.954586
0.952318
0.952318
0.907874
0.892926
0.892925
0.891205
0.891204
0.837928
0.83351
0.832184
0.832183
0.792771
0.79277
0.786169
0.77657
0.77657
0.767755
0.763657
0.747569
0.73304
0.733039
0.709262
0.709261
0.706413
0.706411
0.699796
0.664049
0.650263
0.647837
0.647837
0.640565
0.640564
0.633536
0.633536
0.62025
0.571161
0.571159
0.560366
0.52422
0.524218
0.458292
0.458291
0.426449
0.416845
0.416844
0.388665
0.388664
0.368816
0.368815
0.361571
0.361571
0.349475
0.316543
0.305886
0.200396
0.180822
0.180821
0.12332
0.12332
0
