1.77803
1.778
1.77275
1.77238
1.77236
1.77123
1.77122
1.77102
1.77099
1.76276
1.76273
1.75778
1.75686
1.75686
1.75357
1.75356
1.74693
1.74692
1.7464
1.7464
1.74387
1.74386
1.73912
1.73813
1.73195
1.73195
1.72908
1.72908
1.72616
1.72615
1.68089
1.68089
1.66482
1.66481
1.65235
1.65235
1.65089
1.61938
1.61938
1.59785
1.59785
1.54198
1.54198
1.53113
1.53113
1.5286
1.52859
1.51734
1.51733
1.50979
1.50978
1.49211
1.49211
1.4782
1.47819
1.46347
1.4631
1.45668
1.45668
1.44464
1.44463
1.44193
1.44192
1.41498
1.41498
1.41295
1.41294
1.39099
1.39098
1.38595
1.38595
1.38396
1.3819
1.38189
1.38107
1.38107
1.37759
1.37494
1.37494
1.37358
1.37358
1.36794
1.36794
1.35856
1.35249
1.35249
1.34834
1.34834
1.34831
1.34626
1.34626
1.34485
1.34485
1.33313
1.33313
1.32261
1.32261
1.32036
1.32036
1.31578
1.31578
1.31571
1.30787
1.30787
1.29899
1.29899
1.29857
1.29857
1.28548
1.28548
1.28474
1.28474
1.28188
1.28068
1.28068
1.27131
1.2713
1.26879
1.26614
1.26613
1.26344
1.26344
1.25976
1.25976
1.251
1.251
1.25022
1.24683
1.24683
1.24606
1.24606
1.24329
1.24329
1.23387
1.23387
1.23335
1.23335
1.22863
1.22863
1.22348
1.22348
1.21177
1.21177
1.20612
1.20548
1.20531
1.20531
1.20028
1.20028
1.19433
1.19433
1.19236
1.19235
1.18732
1.18732
1.17962
1.17962
1.17684
1.16112
1.16112
1.15641
1.1469
1.1469
1.14521
1.13482
1.13482
1.13159
1.13159
1.129
1.12899
1.12191
1.12191
1.10952
1.10952
1.10581
1.10581
1.09967
1.09967
1.09394
1.09394
1.0878
1.0878
1.07752
1.07752
1.07377
1.07377
1.06497
1.0596
1.0596
1.05508
1.05507
1.05115
1.04679
1.04076
1.04076
1.04073
1.04073
1.03637
1.02132
1.02132
1.01736
1.01736
1.01705
1.01705
1.0139
1.0139
1.00583
1.00488
1.00488
1.00436
1.00436
1.00223
1.00223
1.0007
1.0007
0.988184
0.988184
0.982697
0.982696
0.981465
0.981464
0.976901
0.976901
0.965006
0.965005
0.964995
0.964994
0.959199
0.951479
0.940034
0.940034
0.938746
0.938421
0.938421
0.931814
0.926564
0.926563
0.925253
0.925252
0.908126
0.908125
0.907985
0.907983
0.903193
0.903192
0.901939
0.901938
0.901187
0.901187
0.897
0.896998
0.890748
0.889285
0.889284
0.888392
0.888391
0.885929
0.885846
0.885844
0.878684
0.878684
0.875519
0.875519
0.869916
0.869915
0.86912
0.869119
0.861081
0.86108
0.859355
0.853747
0.853747
0.850706
0.850706
0.848629
0.847779
0.847778
0.835937
0.835936
0.829939
0.829936
0.828032
0.828032
0.82014
0.820139
0.819985
0.810843
0.810843
0.806485
0.803873
0.803873
0.798399
0.798399
0.795695
0.795694
0.78279
0.782789
0.778421
0.77842
0.776837
0.776836
0.7763
0.776298
0.775245
0.775244
0.762077
0.762075
0.753189
0.753187
0.751651
0.738119
0.738119
0.724164
0.724163
0.716779
0.715832
0.715828
0.715502
0.715502
0.709775
0.709775
0.705023
0.701033
0.701031
0.695791
0.695791
0.689528
0.689527
0.67929
0.679287
0.670102
0.670102
0.660536
0.660534
0.649518
0.649516
0.643914
0.643912
0.643629
0.643625
0.634288
0.628391
0.62839
0.625064
0.625063
0.618687
0.618685
0.607265
0.606368
0.606368
0.581313
0.581312
0.579834
0.579833
0.577786
0.577786
0.574237
0.574237
0.56726
0.562081
0.562081
0.549513
0.549511
0.534094
0.534094
0.533435
0.533435
0.528666
0.528665
0.522876
0.522875
0.52169
0.521689
0.503085
0.501591
0.501083
0.501082
0.500604
0.500603
0.493884
0.493884
0.485834
0.485832
0.483849
0.483848
0.465739
0.455046
0.455042
0.446561
0.44656
0.440921
0.44092
0.433426
0.433425
0.431115
0.420659
0.420658
0.40346
0.403457
0.39344
0.361175
0.361174
0.352352
0.35235
0.321343
0.318492
0.318491
0.309986
0.309985
0.299807
0.299807
0.274862
0.274861
0.272048
0.272046
0.265293
0.265293
0.254459
0.254456
0.243729
0.211846
0.211845
0.151515
0.151515
0.128767
0.128764
0.085253
0.0852513
0
