1.95877
1.91782
1.88657
1.82306
1.72921
1.71756
1.64456
1.63832
1.60316
1.5868
1.51761
1.47057
1.45033
1.4215
1.37212
1.35869
1.34141
1.31374
1.30176
1.27216
1.24602
1.2316
1.16439
1.16275
1.13547
1.12937
1.11255
1.08873
1.06434
1.03316
1.01101
0.99969
0.985386
0.958671
0.937527
0.908657
0.905158
0.877511
0.8655
0.838503
0.822854
0.768225
0.758787
0.723875
0.710069
0.675812
0.65161
0.623818
0.615547
0.577354
0.549897
0.51871
0.486082
0.43792
0.414076
0.387764
0.332894
0.270409
0.24472
0.227437
0.125261
0.0952013
0
