1.77291
1.77278
1.77268
1.77099
1.77087
1.76942
1.76932
1.76897
1.76805
1.76798
1.76547
1.76538
1.76195
1.76188
1.76119
1.76113
1.7596
1.75956
1.75872
1.75869
1.75823
1.75809
1.75725
1.75719
1.75326
1.75325
1.75299
1.75296
1.75213
1.75208
1.75044
1.7504
1.75028
1.75024
1.74851
1.74848
1.74724
1.7472
1.74696
1.74535
1.74528
1.74524
1.7443
1.74426
1.74397
1.74381
1.74366
1.74362
1.74076
1.7399
1.73443
1.73442
1.73373
1.73213
1.7321
1.70963
1.70631
1.70631
1.70466
1.70463
1.70285
1.70236
1.70236
1.70109
1.70107
1.69685
1.69684
1.69307
1.69278
1.69278
1.68824
1.68823
1.6871
1.6871
1.68563
1.68543
1.68543
1.67774
1.67773
1.66887
1.66643
1.66641
1.6664
1.66589
1.66589
1.66153
1.64381
1.64381
1.64279
1.64279
1.62279
1.62279
1.6213
1.60164
1.60059
1.60059
1.57485
1.57484
1.56941
1.56939
1.56486
1.56486
1.56022
1.56021
1.55834
1.55834
1.548
1.548
1.54296
1.54296
1.54245
1.54244
1.53824
1.53824
1.53782
1.53204
1.52741
1.52391
1.5239
1.52331
1.5233
1.52282
1.52281
1.52157
1.52156
1.51576
1.51347
1.50959
1.50959
1.50573
1.50434
1.50433
1.50125
1.50124
1.49548
1.49548
1.49397
1.49189
1.49189
1.49041
1.4904
1.4864
1.486
1.48599
1.48114
1.47938
1.47937
1.47602
1.47397
1.47396
1.46987
1.46986
1.46435
1.46434
1.46405
1.46351
1.4635
1.46069
1.4574
1.4574
1.45729
1.45622
1.45621
1.45545
1.45031
1.45031
1.44906
1.44905
1.44282
1.44282
1.43982
1.43969
1.43968
1.43842
1.4378
1.4378
1.43693
1.4356
1.4356
1.43189
1.43189
1.42997
1.42997
1.42927
1.42702
1.42701
1.42582
1.42582
1.42137
1.42136
1.42064
1.42064
1.41862
1.41862
1.41747
1.417
1.41699
1.41418
1.41418
1.41186
1.41186
1.41127
1.41081
1.4108
1.41051
1.4105
1.40792
1.40791
1.40723
1.40723
1.40662
1.4063
1.4063
1.40596
1.40596
1.40492
1.39957
1.39864
1.3983
1.39829
1.39482
1.39482
1.39365
1.39017
1.39017
1.38912
1.38912
1.38866
1.38851
1.3875
1.3875
1.38589
1.38589
1.38446
1.38446
1.38187
1.38186
1.38128
1.38128
1.38099
1.3805
1.3805
1.37861
1.3786
1.37765
1.37765
1.37571
1.37571
1.3751
1.3751
1.37446
1.37446
1.37314
1.37255
1.37255
1.36999
1.36997
1.36997
1.36967
1.36676
1.36622
1.36621
1.36315
1.36315
1.36297
1.36157
1.36157
1.3584
1.35839
1.35736
1.35736
1.35701
1.35532
1.35532
1.35089
1.35085
1.35085
1.35074
1.35073
1.34773
1.34773
1.34616
1.34616
1.34593
1.34592
1.34573
1.34573
1.34528
1.34528
1.34523
1.34405
1.34336
1.34176
1.33982
1.33904
1.33651
1.33651
1.33649
1.33649
1.33628
1.33627
1.33553
1.33553
1.33484
1.33484
1.33182
1.33182
1.33159
1.33051
1.3305
1.33018
1.33018
1.32636
1.32464
1.32464
1.32324
1.32323
1.32199
1.32198
1.32094
1.32094
1.31982
1.31982
1.31908
1.31862
1.31862
1.31762
1.31597
1.31597
1.31399
1.31069
1.31069
1.30815
1.308
1.308
1.30546
1.30466
1.30466
1.30416
1.30416
1.30395
1.30395
1.30265
1.30265
1.30132
1.30132
1.30103
1.29352
1.29194
1.29194
1.29145
1.29144
1.28759
1.28759
1.28533
1.28533
1.28502
1.28453
1.28384
1.28249
1.28248
1.27942
1.27942
1.27862
1.27776
1.27776
1.27608
1.27608
1.27172
1.27171
1.27034
1.27034
1.27012
1.27011
1.26904
1.26799
1.26799
1.26675
1.26675
1.26602
1.26602
1.26536
1.26393
1.26392
1.2604
1.25913
1.25824
1.25824
1.25744
1.25744
1.25186
1.25186
1.25158
1.24592
1.24592
1.24584
1.24584
1.24409
1.24408
1.24347
1.24314
1.24009
1.24009
1.23928
1.23927
1.23816
1.23816
1.23666
1.23666
1.23541
1.23109
1.23108
1.22766
1.22766
1.22662
1.22662
1.22647
1.22647
1.22607
1.22607
1.22243
1.22202
1.21923
1.21923
1.21886
1.21886
1.21832
1.21832
1.21762
1.21762
1.21675
1.21592
1.21592
1.21138
1.21138
1.20996
1.20996
1.20933
1.20658
1.20485
1.20485
1.20453
1.20453
1.2041
1.2041
1.20274
1.20228
1.20159
1.20159
1.20085
1.20085
1.2001
1.19786
1.19786
1.19375
1.19375
1.19368
1.19356
1.19356
1.19355
1.19203
1.19202
1.18834
1.18834
1.18718
1.18621
1.18621
1.18362
1.18361
1.18141
1.1814
1.18093
1.18093
1.18022
1.17874
1.17874
1.17781
1.17781
1.17487
1.17405
1.17304
1.17303
1.17249
1.17249
1.17018
1.17018
1.1695
1.1695
1.16927
1.16823
1.16823
1.16665
1.16665
1.16583
1.16583
1.16418
1.16418
1.16314
1.16242
1.16242
1.1614
1.15785
1.15785
1.15176
1.15142
1.15142
1.14961
1.14961
1.14816
1.14675
1.14675
1.14625
1.14625
1.1458
1.1458
1.14515
1.14515
1.14461
1.13977
1.13977
1.13968
1.13714
1.13585
1.13585
1.13413
1.13387
1.13387
1.13171
1.13171
1.13065
1.13064
1.12862
1.12862
1.12852
1.12843
1.12452
1.12292
1.12291
1.12062
1.12046
1.11971
1.11971
1.11886
1.11885
1.11823
1.11823
1.11558
1.11484
1.11483
1.11131
1.11131
1.11018
1.10945
1.10945
1.10845
1.10844
1.10755
1.10755
1.10702
1.10702
1.10315
1.10315
1.10278
1.10278
1.10179
1.10179
1.10018
1.09854
1.09608
1.09608
1.09478
1.09387
1.09387
1.09226
1.09226
1.08806
1.08806
1.08758
1.08758
1.08731
1.08731
1.08659
1.08292
1.08273
1.08272
1.08268
1.08235
1.08235
1.08157
1.08156
1.0805
1.0805
1.07913
1.07858
1.07836
1.07836
1.07828
1.07828
1.07573
1.07573
1.0747
1.0747
1.07402
1.07317
1.07316
1.07316
1.07316
1.0726
1.0726
1.07173
1.07018
1.07017
1.07017
1.06845
1.06845
1.06483
1.06265
1.06264
1.06015
1.06015
1.05979
1.0592
1.0592
1.05708
1.05708
1.05281
1.05281
1.05225
1.05225
1.05039
1.05039
1.05028
1.05028
1.05017
1.05014
1.05003
1.04916
1.04916
1.0472
1.0472
1.04674
1.04674
1.04654
1.04364
1.04364
1.04321
1.0432
1.04123
1.04123
1.04063
1.04063
1.03821
1.03821
1.03707
1.03393
1.03393
1.03088
1.0303
1.0303
1.02974
1.02974
1.02929
1.02929
1.0284
1.02839
1.02761
1.02719
1.02592
1.02299
1.02299
1.02194
1.02194
1.02163
1.0202
1.0202
1.01948
1.01948
1.01937
1.01937
1.01862
1.01716
1.017
1.017
1.01689
1.01689
1.01608
1.01425
1.01425
1.01404
1.01403
1.00822
1.00822
1.00724
1.00622
1.00616
1.00559
1.00559
1.00549
1.00549
1.00326
1.00326
1.00206
1.00084
1.00066
1.00066
1.0005
1.0005
1.00028
1.00027
0.998464
0.998461
0.994914
0.994912
0.993881
0.993878
0.993306
0.993304
0.991582
0.991579
0.991501
0.991498
0.990143
0.989604
0.989602
0.988833
0.986961
0.986957
0.986769
0.986767
0.985908
0.985904
0.985895
0.984426
0.984421
0.983599
0.983595
0.983151
0.983149
0.982562
0.982562
0.981549
0.980896
0.978928
0.978132
0.97813
0.976183
0.976183
0.975814
0.975812
0.972868
0.97147
0.971466
0.970842
0.97084
0.968235
0.967029
0.967026
0.966713
0.966711
0.965326
0.963959
0.963957
0.963683
0.963683
0.963455
0.963455
0.9628
0.9628
0.962386
0.961615
0.959462
0.959459
0.958
0.9577
0.957699
0.954724
0.954722
0.953723
0.953721
0.953044
0.95304
0.952835
0.952833
0.951283
0.95128
0.948879
0.948879
0.948644
0.948115
0.948113
0.94785
0.94747
0.947273
0.94727
0.944115
0.943829
0.943454
0.943453
0.942976
0.940654
0.940654
0.94034
0.940338
0.938672
0.938671
0.938477
0.938475
0.936249
0.936247
0.934224
0.934223
0.934139
0.93314
0.933139
0.932935
0.932934
0.932933
0.932933
0.929432
0.927448
0.927446
0.926865
0.926864
0.926172
0.925812
0.925811
0.925616
0.925614
0.924374
0.924373
0.923096
0.922855
0.922091
0.919659
0.919657
0.918978
0.918619
0.918618
0.917003
0.915661
0.915659
0.914168
0.914167
0.913956
0.913954
0.911579
0.911579
0.91141
0.911409
0.911357
0.911176
0.911097
0.911097
0.908596
0.906787
0.906785
0.904465
0.904465
0.902382
0.902382
0.902217
0.902214
0.898679
0.898679
0.898338
0.898337
0.895211
0.895211
0.895077
0.895076
0.894948
0.892355
0.892353
0.891277
0.889419
0.889419
0.888506
0.88843
0.888429
0.885454
0.883114
0.883112
0.882698
0.882697
0.882653
0.882652
0.881428
0.879769
0.879767
0.87781
0.877809
0.877426
0.877425
0.875497
0.874147
0.874144
0.872169
0.870143
0.869754
0.86948
0.869479
0.867613
0.867612
0.865837
0.865836
0.863642
0.863639
0.863521
0.863508
0.863508
0.861236
0.861235
0.859823
0.857804
0.857804
0.856322
0.85632
0.854529
0.854525
0.852153
0.852152
0.851964
0.851964
0.851035
0.851035
0.850097
0.848532
0.848531
0.848425
0.847073
0.847072
0.845402
0.845402
0.844414
0.843414
0.843414
0.841542
0.841541
0.838658
0.835649
0.835648
0.834103
0.834102
0.833698
0.830962
0.830961
0.829044
0.828785
0.828784
0.825371
0.82537
0.825273
0.825272
0.823377
0.823377
0.822796
0.822795
0.822134
0.822134
0.820217
0.818089
0.817989
0.815231
0.81512
0.815119
0.813967
0.812807
0.812803
0.810603
0.809528
0.809527
0.808567
0.808566
0.80835
0.808348
0.806729
0.806728
0.805168
0.805168
0.804463
0.80207
0.802069
0.80201
0.802008
0.800501
0.798384
0.798383
0.796718
0.796717
0.796442
0.796441
0.795399
0.795399
0.794692
0.794323
0.792634
0.792633
0.790073
0.790072
0.787468
0.787468
0.787446
0.787442
0.785856
0.785855
0.784552
0.78448
0.784477
0.784228
0.780107
0.780105
0.776869
0.774912
0.774912
0.773919
0.773919
0.772558
0.771895
0.77132
0.771317
0.77035
0.7699
0.769897
0.765135
0.765121
0.76512
0.764127
0.764126
0.760806
0.760804
0.75774
0.757738
0.755919
0.755919
0.7557
0.755699
0.753551
0.75355
0.75297
0.752776
0.752775
0.752159
0.752157
0.744207
0.742418
0.740986
0.740986
0.74013
0.740129
0.735537
0.735535
0.733635
0.732972
0.73297
0.732827
0.732827
0.731749
0.731155
0.731154
0.730124
0.730123
0.729568
0.724487
0.724318
0.724317
0.720335
0.720334
0.718869
0.718868
0.718331
0.716434
0.716434
0.716337
0.716287
0.714882
0.714881
0.713162
0.71316
0.71292
0.712919
0.712108
0.711662
0.711661
0.709297
0.709296
0.707902
0.707898
0.703446
0.703444
0.702007
0.702005
0.701391
0.70139
0.698197
0.698197
0.697849
0.697472
0.69747
0.69708
0.696505
0.695811
0.69581
0.695467
0.695465
0.69471
0.694709
0.694053
0.692232
0.692231
0.690029
0.690028
0.689998
0.687637
0.687635
0.684538
0.684537
0.682107
0.682106
0.682016
0.680223
0.680222
0.67913
0.679047
0.679047
0.678876
0.678874
0.677735
0.673693
0.671971
0.67197
0.671864
0.67165
0.671647
0.67028
0.670279
0.667183
0.667183
0.666426
0.666426
0.664251
0.66425
0.661051
0.660238
0.660236
0.657903
0.657901
0.656177
0.656177
0.65375
0.653747
0.653733
0.652886
0.652885
0.65241
0.652408
0.652372
0.648023
0.646549
0.646548
0.64628
0.644541
0.64454
0.642619
0.642618
0.640585
0.640585
0.640058
0.640058
0.638268
0.638266
0.637419
0.637419
0.635482
0.635481
0.635126
0.634766
0.634766
0.631693
0.626011
0.626011
0.62592
0.625919
0.625758
0.624869
0.624868
0.624249
0.624248
0.623089
0.623088
0.622212
0.620984
0.620983
0.619627
0.619625
0.616099
0.61606
0.614405
0.611513
0.611512
0.608619
0.608202
0.6082
0.60717
0.606653
0.606652
0.603885
0.603885
0.602738
0.602738
0.601141
0.60112
0.601119
0.599544
0.599542
0.597874
0.597872
0.591287
0.58638
0.586379
0.584043
0.584042
0.583305
0.582739
0.582737
0.57889
0.578888
0.576865
0.576864
0.574379
0.573505
0.573502
0.570883
0.570883
0.568442
0.568372
0.568372
0.567241
0.567239
0.564987
0.564985
0.564408
0.564405
0.563912
0.561077
0.557533
0.554267
0.553102
0.553102
0.55168
0.551679
0.550824
0.550148
0.550146
0.549176
0.545575
0.545574
0.543363
0.543362
0.537088
0.537085
0.53315
0.53315
0.529419
0.529419
0.527927
0.527923
0.527446
0.527241
0.527239
0.518921
0.517627
0.517624
0.51636
0.51636
0.515996
0.51496
0.513109
0.513105
0.511852
0.511849
0.509442
0.508857
0.508853
0.508077
0.508075
0.501878
0.501875
0.494098
0.494097
0.492291
0.492289
0.492283
0.49105
0.49105
0.482159
0.482159
0.479764
0.479763
0.478126
0.478124
0.478059
0.474175
0.474174
0.473702
0.47081
0.470246
0.470246
0.464669
0.464667
0.460388
0.459421
0.45942
0.450344
0.4498
0.449798
0.446537
0.446532
0.445088
0.445086
0.440139
0.440139
0.439887
0.439882
0.434837
0.431255
0.43032
0.430316
0.42883
0.423621
0.423527
0.423522
0.42345
0.423446
0.421029
0.417802
0.417795
0.41263
0.412625
0.411042
0.411032
0.407265
0.407255
0.404325
0.400178
0.396755
0.395286
0.39528
0.392699
0.392696
0.391937
0.391934
0.387668
0.387668
0.387188
0.387186
0.385183
0.383357
0.378495
0.378487
0.376139
0.376137
0.373008
0.372999
0.371424
0.37142
0.366934
0.366931
0.365909
0.365906
0.359094
0.359092
0.354003
0.354002
0.345081
0.343881
0.338754
0.338752
0.336976
0.336973
0.336215
0.328356
0.328352
0.326515
0.326514
0.319178
0.319177
0.310058
0.310056
0.306288
0.306286
0.300659
0.300653
0.292797
0.281795
0.281794
0.267277
0.261391
0.26139
0.258931
0.258931
0.241977
0.241975
0.240399
0.237635
0.237633
0.237166
0.237165
0.223809
0.223805
0.215164
0.215164
0.206904
0.206901
0.204066
0.197549
0.197548
0.192833
0.187464
0.187461
0.17838
0.152671
0.15267
0.124481
0.116842
0.116838
0.0956195
0.0956187
0.0621476
0.0621468
0
