11
1.	0.	0.8854560256532099	0.46472317204376856	0.5680647467311558	0.8229838658936564
1.	0.	0.5680647467311558	0.8229838658936564	0.12053668025532306	0.992708874098054
1.	0.	0.12053668025532306	0.992708874098054	-0.3546048870425356	0.9350162426854148
1.	0.	-0.3546048870425356	0.9350162426854148	-0.7485107481711011	0.6631226582407952
1.	0.	-0.7485107481711011	0.6631226582407952	-0.970941817426052	0.23931566428755777
1.	0.	-0.970941817426052	0.23931566428755777	-0.970941817426052	-0.23931566428755777
1.	0.	-0.970941817426052	-0.23931566428755777	-0.7485107481711011	-0.6631226582407952
1.	0.	-0.7485107481711011	-0.6631226582407952	-0.3546048870425356	-0.9350162426854148
1.	0.	-0.3546048870425356	-0.9350162426854148	0.12053668025532306	-0.992708874098054
1.	0.	0.12053668025532306	-0.992708874098054	0.5680647467311558	-0.8229838658936564
1.	0.	0.5680647467311558	-0.8229838658936564	0.8854560256532099	-0.46472317204376856